QUESTION 1
========================================
Question 1, Part I
Average salary
6.5828475601929055


Average tenure
7.954802259887006


Question 1, Part II
how many CEOs are in their first year as CEO?
5


What is the longest tenure as a CEO
37


simple regression result
LinearRegression()
[7.05703688 6.39692974 5.93753624 6.47850943 6.20859003 6.97260618
 6.85118484 7.13966036 6.22059011 6.99759579 6.39859486 5.872118
 7.09007692 6.54678535 6.94793701 5.50125837 6.70563889 7.42356825
 6.87832642 6.4118185  6.15273285 6.76503897 6.62273645 5.50533152
 6.71538353 5.88053322 7.05789804 5.59842205 6.72022009 5.70378256
 7.3944931  7.1204443  6.29156923 7.49443007 6.1612072  7.19743538
 6.29341936 4.85981226 7.43838358 7.46737099 6.43615055 6.67329788
 7.30451584 7.61134768 7.34601021 5.99396133 7.16626596 6.10702276
 6.12249279 7.0405364  6.35784245 6.39692974 6.47543287 6.71174049
 6.98471642 7.46049023 6.36475086 6.81563997 6.47697258 7.69575787
 6.4118185  7.57353115 6.31354809 6.17586708 6.26530123 6.15485811
 6.44571972 6.43294001 6.90675497 6.37161207 7.00940895 7.00215578
 6.05208921 7.93451357 5.85793304 5.89440298 7.72532988 5.93224525
 6.77878475 6.57925129 6.856462   7.04141188 6.96979046 7.13329601
 6.1355648  5.15905523 6.1612072  7.12929773 7.00397396 5.85220242
 6.47697258 6.7742238  7.37775898 7.3132205  5.77765226 6.12905025
 6.82979393 5.92692614 6.10255861 7.20042467 7.46679926 6.19644403
 8.57527351 6.06610823 6.59167385 7.15773535 7.22475338 6.89669418
 6.24416685 7.17088842 6.72623348 6.74405909 4.60517025 6.5206213
 6.34035921 6.32614946 6.55677843 5.73009968 7.23849678 5.96357918
 6.67203283 5.98141432 5.9864521  6.56103086 6.89162588 6.01615715
 6.99850941 6.54247189 6.72623348 7.39633512 6.20050907 6.43775177
 6.18001652 6.59714556 7.65064478 6.74875975 5.84354448 6.6846118
 6.63856792 6.69208384 5.73657227 7.02019072 7.16006899 7.06475925
 6.77992201 6.99485016 7.00306559 6.47697258 6.4085288  7.03262424
 5.97380972 6.40522861 7.27517223 6.94022226 7.0405364  6.28599787
 6.54102993 6.08449936 5.88053322 7.15148544 6.77193546 6.28599787
 6.56948137 7.20785999 7.14519596 6.14203739 6.54102993 5.91079664
 5.94279957 6.1463294  6.32614946 5.38449526 5.57594919 5.22035599
 5.95842457 7.70526266 6.09807444]
None


QUESTION 2
========================================
Average salary 
6.779003812922514


Average IQ
101.28235294117647


IQ Standard deviation
15.052636370265098
None
